-,-,-
-5.126953, 10.742188, 1029.296875
-4.150391, 54.687500, 1022.949219
-8.544922, 22.460938, 1037.109375
-11.962891, 67.871094, 1127.929688
-17.333984, 71.777344, 1265.625000
33.691406, 77.148438, 1461.914062
-0.732422, 45.898438, 1352.539062
-6.103516, -24.169922, 1331.054688
-6.103516, -166.748047, 1062.988281
-7.080078, -319.091797, 757.324219
44.433594, -410.400391, 373.046875
-46.142578, -688.232422, 160.644531
-29.541016, -814.208984, 14.648438
-15.380859, -839.599609, -55.419922
-49.072266, -914.306641, -184.326172
-,-,-
38.574219, 165.527344, 970.703125
26.855469, 96.191406, 1009.765625
15.625000, 165.039062, 973.632812
22.460938, 131.835938, 1044.921875
22.949219, 111.328125, 1093.750000
46.875000, 122.070312, 1358.886719
100.097656, 160.156250, 1446.289062
98.632812, 133.300781, 1551.757812
26.855469, 73.242188, 1458.984375
18.066406, 63.476562, 945.800781
-31.982422, -344.482422, 386.230469
-194.091797, -699.951172, 90.332031
-60.791016, -690.185547, -116.943359
20.996094, -709.228516, -178.466797
20.019531, -788.818359, -273.193359
-37.353516, -868.896484, -329.833984
-84.716797, -952.880859, -270.263672
-,-,-
-5.126953, 94.238281, 1083.007812
-39.306641, 77.148438, 1141.601562
8.300781, 121.582031, 1254.882812
16.601562, 84.472656, 1213.867188
-4.638672, 34.179688, 1340.820312
-51.513672, -96.435547, 1222.656250
-21.728516, -167.724609, 1230.957031
-3.662109, -359.130859, 891.113281
-90.087891, -537.353516, 631.835938
-94.970703, -698.974609, 138.671875
-80.322266, -797.607422, 79.589844
9.765625, -810.791016, -97.412109
-19.775391, -849.365234, -196.044922
-14.404297, -862.060547, -282.958984
-49.560547, -884.521484, -342.041016
-57.373047, -900.146484, -307.373047
-70.068359, -927.001953, -277.099609
-,-,-
69.335938, 94.726562, 1116.210938
44.921875, 30.761719, 1047.851562
67.871094, 79.101562, 1044.921875
74.707031, 79.101562, 1187.011719
90.332031, 51.757812, 1161.132812
67.871094, 0.000000, 1310.546875
89.355469, -28.076172, 1409.179688
53.710938, -114.013672, 1271.484375
31.250000, -372.314453, 599.121094
-120.849609, -693.115234, 396.484375
-93.994141, -822.021484, 249.511719
41.503906, -784.423828, 124.511719
99.609375, -839.599609, 60.546875
68.359375, -863.037109, -136.474609
64.453125, -900.146484, -199.951172
56.152344, -885.498047, -263.427734
1.953125, -898.193359, -313.232422
-31.982422, -881.591797, -412.841797
2.929688, -884.521484, -177.490234
-,-,-
26.855469, -51.025391, 1015.625000
43.945312, 3.906250, 1080.078125
66.894531, 43.945312, 1143.554688
68.359375, 56.640625, 1333.984375
47.363281, 97.167969, 1490.722656
85.937500, 44.921875, 1461.914062
25.878906, -169.189453, 1226.562500
114.257812, -268.310547, 879.882812
-40.771484, -503.662109, 159.179688
-12.451172, -822.021484, 93.750000
-2.197266, -824.462891, -108.154297
24.414062, -858.154297, -105.224609
38.574219, -931.884766, -98.388672
30.761719, -932.373047, -237.060547
32.714844, -829.345703, -447.021484
-,-,-
11.230469, 84.472656, 1250.000000
98.632812, 110.351562, 1317.382812
88.867188, 7.812500, 1421.875000
34.667969, -57.373047, 1359.375000
15.625000, -181.884766, 1125.000000
-25.634766, -349.853516, 1161.132812
68.847656, -421.630859, 687.500000
27.343750, -506.103516, 299.316406
-37.841797, -709.716797, -282.958984
-65.185547, -551.513672, -435.791016
-,-,-
167.480469, -33.447266, 855.468750
-13.427734, -135.986328, 1203.125000
56.152344, 51.269531, 1136.718750
33.691406, 43.945312, 1147.949219
-1.708984, 51.269531, 1307.617188
19.531250, 65.917969, 1302.734375
19.531250, -49.560547, 1220.703125
47.851562, -174.560547, 1258.789062
9.765625, -257.568359, 1086.914062
51.757812, -375.244141, 792.968750
24.414062, -513.916016, 349.609375
-83.251953, -728.759766, -167.724609
-16.845703, -776.611328, -161.376953
63.964844, -814.208984, -411.865234
48.339844, -801.513672, -441.162109
-72.998047, -807.373047, -619.873047
-110.107422, -744.384766, -708.740234
-,-,-
20.507812, -150.634766, 1126.953125
52.734375, -110.107422, 1237.792969
143.554688, -99.365234, 1196.289062
77.148438, -167.724609, 1344.726562
114.746094, -175.537109, 1412.109375
129.882812, -209.716797, 1466.796875
29.296875, -224.365234, 1101.074219
-104.736328, -291.748047, 82.519531
-85.205078, -579.833984, -422.607422
-,-,-
144.042969, -5.615234, 1068.847656
97.656250, -10.498047, 961.914062
116.210938, 65.917969, 991.210938
105.468750, 6.835938, 1046.875000
70.800781, 19.531250, 1073.242188
57.617188, 37.597656, 1143.554688
87.890625, 43.945312, 1244.140625
98.632812, -40.283203, 1197.265625
65.429688, -117.431641, 1287.109375
46.386719, -206.787109, 1117.187500
90.820312, -350.341797, 1175.781250
46.875000, -383.544922, 1093.750000
56.640625, -465.576172, 793.945312
77.636719, -458.251953, 151.367188
-79.833984, -532.958984, -494.873047
-,-,-
110.351562, -7.080078, 1004.882812
40.039062, -29.052734, 1073.242188
92.773438, -21.240234, 1104.492188
46.875000, 89.843750, 1350.585938
37.597656, 244.140625, 1572.753906
16.601562, 160.156250, 1753.906250
18.066406, 158.203125, 1722.656250
19.531250, 115.234375, 1070.800781
-166.259766, -273.681641, -254.638672
-109.619141, -525.634766, -415.283203
3.417969, -616.943359, -389.404297
-41.259766, -708.740234, -562.255859
-114.990234, -797.119141, -765.380859
-,-,-
24.414062, 24.414062, 1059.570312
19.531250, 48.339844, 1042.968750
86.914062, 53.222656, 1117.187500
10.253906, 65.429688, 931.152344
39.550781, 96.679688, 1179.687500
19.042969, 125.000000, 1289.062500
83.496094, 109.375000, 1437.500000
38.574219, 41.992188, 1309.570312
70.800781, -174.072266, 1042.968750
63.476562, -292.724609, 1055.664062
49.316406, -316.162109, 770.996094
39.062500, -619.873047, 242.187500
24.414062, -767.333984, 42.480469
66.406250, -749.755859, -83.740234
5.371094, -591.064453, -531.005859
-62.744141, -635.498047, -729.248047
-125.244141, -559.326172, -950.927734
-,-,-
38.085938, -239.013672, 1142.578125
-9.033203, -288.330078, 1107.910156
39.550781, -229.248047, 1460.937500
-55.908203, -60.302734, 1587.890625
-36.865234, -172.607422, 1480.468750
-70.068359, -284.912109, 1515.625000
-11.962891, 20.507812, 863.281250
-104.248047, -247.802734, -725.830078
-68.603516, -348.876953, -718.994141
-88.623047, -324.462891, -933.349609
-78.857422, -481.201172, -951.904297
-109.130859, -400.634766, -1007.568359
-,-,-
-36.865234, -140.380859, 956.054688
0.488281, -97.412109, 1298.828125
-88.623047, -103.759766, 1491.699219
28.808594, 82.519531, 1829.589844
1.953125, 60.058594, 1898.437500
41.992188, -79.833984, 1285.644531
-59.326172, -144.287109, 505.371094
-171.630859, -371.337891, -540.771484
-41.748047, -427.490234, -545.654297
19.531250, -528.076172, -887.451172
-,-,-
116.699219, 10.742188, 1270.507812
-31.494141, -68.603516, 1785.156250
28.808594, 4.394531, 1559.570312
-145.263672, -22.216797, 1745.605469
-541.259766, -121.826172, 34.179688
4.394531, -451.416016, -775.146484
181.640625, -400.146484, -592.041016
50.292969, -228.271484, -915.771484
-,-,-
56.152344, -46.630859, 969.726562
15.625000, -62.255859, 1089.843750
69.335938, -2.197266, 1051.757812
47.851562, 47.363281, 1304.687500
41.992188, 87.890625, 1389.648438
84.960938, 22.949219, 1525.390625
146.484375, -161.865234, 1287.109375
26.855469, -135.986328, 1041.015625
-188.232422, -313.232422, -1.220703
-73.974609, -551.513672, -481.201172
37.597656, -508.056641, -657.958984
61.035156, -452.880859, -901.123047
-,-,-
199.218750, -85.205078, 1164.062500
70.800781, -28.076172, 1009.765625
97.167969, 62.500000, 1041.015625
43.457031, -29.052734, 1146.972656
45.898438, 45.410156, 1397.460938
105.957031, 77.148438, 1469.726562
124.023438, -75.927734, 1456.054688
20.996094, -250.244141, 1190.429688
12.207031, -233.642578, 781.250000
-200.927734, -432.861328, -311.279297
-58.349609, -712.158203, -406.982422
163.574219, -662.841797, -593.994141
83.496094, -564.208984, -823.974609
-,-,-
216.796875, 39.062500, 1139.648438
77.636719, 4.882812, 1046.875000
75.195312, 0.488281, 1071.289062
28.320312, 48.828125, 1123.046875
57.617188, 84.472656, 1189.941406
-6.103516, 90.820312, 1542.968750
5.859375, 1.953125, 1610.839844
16.601562, -85.205078, 1504.882812
-60.302734, -233.642578, 1259.765625
-100.830078, -368.896484, 416.992188
-52.001953, -349.365234, -485.107422
-31.982422, -497.802734, -566.162109
66.894531, -325.927734, -1010.498047
-,-,-
163.085938, -32.470703, 1049.804688
122.558594, -52.490234, 1125.000000
36.132812, -12.451172, 1257.812500
86.425781, 66.894531, 1423.828125
44.921875, 22.460938, 1515.625000
92.773438, -82.763672, 1522.460938
11.718750, -235.595703, 1141.601562
18.554688, -285.400391, 812.011719
-62.255859, -388.916016, 1.464844
-30.029297, -409.423828, -678.466797
-12.939453, -359.130859, -827.880859
-,-,-
265.625000, 110.351562, 1269.531250
99.609375, 5.371094, 932.617188
172.851562, -29.052734, 1143.554688
26.367188, 41.992188, 1408.691406
75.195312, 110.351562, 1533.691406
58.593750, 9.765625, 1521.484375
-10.009766, -124.755859, 1275.878906
-67.626953, -281.005859, 613.281250
-59.814453, -298.583984, -117.431641
12.695312, -555.908203, -643.798828
-,-,-
195.312500, -42.724609, 1099.609375
81.542969, -117.431641, 1011.718750
173.828125, 3.906250, 1426.757812
156.250000, 16.601562, 1928.710938
251.464844, -156.494141, 1687.500000
47.363281, -206.298828, 1313.476562
-47.607422, -228.271484, 156.738281
27.343750, -360.595703, -618.896484
-24.169922, -363.037109, -844.482422
-,-,-
-15.380859, -44.677734, 1229.492188
-156.005859, -35.400391, 1747.558594
-61.767578, -130.615234, 1873.535156
-105.712891, -20.751953, 1481.933594
-103.271484, -305.908203, 434.082031
-9.521484, -421.142578, -455.810547
-40.283203, -490.478516, -883.056641
-117.431641, -373.291016, -1331.787109
-,-,-
43.457031, -17.333984, 1667.968750
-58.837891, 56.640625, 1826.171875
-64.208984, -206.787109, 1867.187500
-283.935547, -132.568359, 1545.410156
-214.111328, -129.638672, -8.056641
58.105469, -375.244141, -560.791016
-,-,-
-22.705078, -220.947266, 1553.710938
82.519531, -311.279297, 1815.429688
-13.427734, -369.873047, 1463.867188
-17.822266, -404.541016, 761.718750
-126.708984, -247.802734, -527.099609
86.425781, -436.767578, -746.826172
-5.126953, -442.138672, -1130.615234
-,-,-
139.160156, 17.089844, 1313.964844
33.691406, -16.845703, 1158.203125
-42.724609, -30.517578, 1514.648438
-157.470703, 82.519531, 1875.488281
-70.068359, -37.353516, 1762.695312
-297.119141, -127.685547, 1956.542969
-177.978516, 75.195312, 488.281250
62.011719, -340.087891, -951.904297
0.000000, -429.443359, -1055.419922
-,-,-
128.417969, 122.558594, 1509.765625
-53.955078, 23.437500, 1794.921875
40.039062, 170.898438, 1681.640625
-53.466797, -47.119141, 1762.695312
-138.916016, 225.585938, 814.453125
8.789062, -135.009766, -794.677734
78.613281, -487.548828, -726.806641
-,-,-
148.437500, 12.695312, 1069.824219
-12.451172, 18.066406, 1202.148438
-19.287109, 20.019531, 1409.179688
13.671875, 130.859375, 1666.503906
-15.380859, 14.648438, 1644.531250
-81.787109, -256.103516, 1478.515625
-176.513672, -189.208984, 508.300781
73.730469, -323.486328, -936.767578
-31.005859, -302.978516, -857.666016
32.714844, -303.955078, -1027.587891
-,-,-
89.355469, 121.093750, 968.750000
65.917969, 126.953125, 1051.757812
63.476562, 151.367188, 1073.242188
-49.560547, 234.375000, 1528.320312
-76.416016, 279.785156, 1684.570312
-67.626953, 154.296875, 1731.445312
-31.005859, 19.042969, 1434.570312
-25.634766, -55.419922, 534.179688
23.437500, -535.888672, -219.482422
-25.146484, -397.216797, -616.943359
-19.287109, -307.861328, -923.583984
-,-,-
77.636719, 157.226562, 1046.875000
69.335938, 116.210938, 1166.015625
43.457031, 159.179688, 1118.164062
-0.244141, 184.082031, 1392.578125
23.437500, 258.300781, 1433.593750
23.437500, 152.832031, 1682.617188
41.015625, 67.871094, 1342.773438
9.277344, -153.076172, 916.015625
-57.861328, -354.736328, 134.277344
85.937500, -492.919922, -667.724609
-57.861328, -544.189453, -978.759766
45.410156, -782.470703, -878.173828
-,-,-
116.210938, -72.021484, 926.757812
29.296875, 4.882812, 1300.781250
49.316406, 138.671875, 1830.078125
50.781250, 226.562500, 1692.382812
104.492188, 26.855469, 1580.078125
0.000000, -59.326172, 1379.882812
-195.556641, -100.341797, 579.101562
145.019531, -269.775391, -546.142578
-46.630859, -276.611328, -952.880859
-74.951172, -302.490234, -1140.380859
-,-,-
1.953125, -96.923828, 1065.917969
25.390625, -101.806641, 1057.617188
-22.705078, -61.279297, 1112.304688
-1.708984, -10.498047, 1307.617188
-114.990234, -14.404297, 1590.820312
-48.583984, -88.623047, 1626.953125
-128.173828, -272.216797, 1660.156250
-167.236328, -75.927734, 354.003906
50.292969, -570.556641, -557.861328
123.535156, -582.763672, -809.814453
-5.615234, -556.884766, -921.630859
25.878906, -606.201172, -782.958984
45.410156, -674.560547, -661.865234
-,-,-
32.226562, -112.060547, 1399.902344
-107.666016, -22.216797, 1907.714844
-82.763672, -159.912109, 1680.664062
67.871094, -242.919922, 1245.605469
-2.685547, -184.814453, -260.009766
107.910156, -426.025391, -560.791016
45.898438, -532.958984, -908.935547
8.789062, -392.822266, -921.630859
18.066406, -485.107422, -876.708984
13.671875, -706.787109, -715.576172
56.640625, -902.099609, -548.583984
-,-,-
-99.853516, -39.794922, 1228.515625
-97.412109, -46.630859, 1349.609375
-304.443359, 27.343750, 1999.755859
-436.767578, 122.558594, 1772.460938
-77.392578, 46.386719, 1104.980469
301.757812, -253.173828, -281.005859
41.992188, -375.244141, -672.607422
279.296875, -448.486328, -1121.826172
66.406250, -505.126953, -947.509766
-,-,-
-143.310547, -51.025391, 888.671875
-162.841797, -140.380859, 1054.687500
-181.396484, -73.974609, 1052.734375
-197.509766, -134.033203, 1081.054688
-256.591797, -165.283203, 1560.546875
-188.232422, -223.876953, 1673.828125
-389.404297, -438.720703, 1753.417969
-33.447266, -165.771484, 1223.632812
134.277344, 69.824219, -273.193359
-192.138672, -244.873047, -801.513672
-125.244141, -480.224609, -920.654297
-361.083984, -730.712891, -652.099609
-,-,-
-108.154297, 32.714844, 1099.609375
-66.650391, 123.535156, 1172.851562
-70.068359, -68.603516, 1381.835938
-159.423828, 85.937500, 1705.566406
317.871094, -555.908203, 1572.753906
-516.845703, 538.574219, 1480.957031
58.593750, 34.667969, -971.923828
-0.732422, -725.830078, 39.550781
-5.126953, -457.275391, -894.775391
-,-,-
38.574219, 86.914062, 1123.046875
-75.927734, 34.179688, 1284.179688
54.199219, 253.417969, 1050.781250
6.835938, 232.421875, 1469.726562
33.203125, 495.605469, 1669.921875
46.875000, 187.011719, 1956.054688
-90.576172, 419.433594, 798.828125
-297.607422, -406.494141, -62.255859
-189.208984, -616.943359, -83.251953
-61.279297, -281.494141, -801.513672
127.929688, -689.208984, -891.357422
31.250000, -865.966797, -766.357422
-,-,-
164.550781, 124.023438, 1068.847656
148.925781, 91.796875, 1189.941406
165.039062, 122.070312, 1448.730469
170.898438, 240.234375, 1878.417969
134.277344, 347.656250, 1999.755859
84.960938, 569.335938, 1275.878906
-190.673828, -226.318359, 43.457031
-502.197266, -206.298828, 204.589844
37.597656, -178.466797, -710.693359
86.425781, -403.564453, -1234.619141
-,-,-
37.597656, 28.320312, 1096.679688
17.089844, -39.794922, 1037.109375
82.031250, -38.818359, 1298.828125
13.671875, 226.562500, 1780.273438
-239.013672, 156.738281, 1999.755859
-156.494141, 115.722656, 988.769531
-457.763672, -95.458984, 596.191406
-267.822266, -210.693359, -643.798828
178.710938, -371.337891, -1010.498047
-,-,-
-29.541016, -97.412109, 1440.429688
-68.115234, -64.208984, 1720.703125
-100.341797, -193.115234, 1999.755859
112.792969, -63.720703, 876.953125
-209.228516, -385.009766, 749.023438
-188.720703, -569.091797, -311.767578
13.671875, -421.142578, -751.708984
149.902344, -364.501953, -1333.740234
-,-,-
7.812500, 89.843750, 1145.996094
25.390625, 48.339844, 1057.617188
-50.048828, 1.464844, 1199.218750
60.058594, 124.023438, 1085.937500
-10.986328, 204.589844, 1533.691406
-75.927734, 187.011719, 1726.562500
-214.111328, 139.648438, 1961.425781
50.292969, 381.835938, 1029.296875
-27.099609, 61.035156, -80.322266
-94.482422, -337.158203, -503.662109
101.562500, -275.634766, -1305.419922
91.796875, -406.982422, -1465.576172
2.929688, -511.474609, -1116.943359
-,-,-
209.960938, 191.406250, 1695.312500
82.519531, 268.554688, 1758.789062
41.992188, 394.042969, 1999.755859
71.777344, 388.183594, 448.242188
-312.255859, -437.255859, 687.988281
-31.982422, -495.361328, -275.146484
-2.685547, -296.630859, -902.587891
-,-,-
10.253906, 319.335938, 1247.070312
228.027344, 242.187500, 1196.777344
47.851562, 117.187500, 1102.539062
11.718750, 200.683594, 1188.964844
40.527344, 236.816406, 1419.921875
13.671875, 217.773438, 1827.636719
30.273438, 235.839844, 1788.574219
65.429688, 368.164062, 1161.621094
-24.169922, -1.220703, 388.183594
-313.720703, -267.333984, -184.814453
-33.447266, -337.646484, -1093.505859
187.011719, -384.521484, -1416.748047
-55.908203, -563.232422, -1092.529297
-171.630859, -823.974609, -510.986328
-157.470703, -1047.607422, -429.931641
-,-,-
128.417969, 187.500000, 1615.234375
150.878906, 221.191406, 1999.755859
12.695312, 220.214844, 1851.562500
5.371094, -31.982422, 447.265625
-93.017578, -298.095703, -24.169922
-35.888672, -481.201172, -637.939453
83.496094, -475.830078, -1116.943359
-85.205078, -417.724609, -1400.146484
-37.841797, -604.248047, -1066.650391
-112.060547, -753.662109, -891.357422
-,-,-
-82.763672, 112.304688, 1291.992188
15.625000, 187.988281, 1297.851562
-7.080078, 236.816406, 1713.867188
31.250000, 297.851562, 1514.648438
-10.986328, 221.679688, 1945.312500
-189.697266, 4.394531, 1384.765625
-145.751953, -149.658203, 484.375000
-192.138672, -290.771484, -353.271484
134.277344, -354.248047, -754.638672
-57.373047, -328.857422, -1185.302734
-91.064453, -383.544922, -1293.701172
-174.072266, -547.607422, -1097.412109
-,-,-
24.414062, 158.203125, 1063.476562
40.039062, 169.921875, 1181.640625
37.109375, 232.421875, 1131.835938
69.335938, 111.328125, 1030.273438
32.714844, 63.476562, 1231.445312
30.273438, 149.902344, 1370.117188
46.386719, 115.234375, 1773.437500
-90.087891, 205.566406, 1759.765625
-221.435547, 64.453125, 1072.265625
-309.326172, -278.076172, 277.343750
-218.994141, -241.455078, -561.279297
60.058594, -260.986328, -1235.595703
-106.689453, -234.130859, -1673.583984
-183.349609, -263.427734, -1215.576172
-,-,-
150.878906, 293.945312, 1166.992188
136.230469, 299.316406, 1129.882812
134.277344, 287.597656, 917.968750
51.757812, 177.734375, 1121.093750
63.476562, 300.292969, 1405.761719
89.843750, 398.437500, 1618.652344
-20.751953, 418.457031, 1966.796875
77.148438, 466.308594, 1856.445312
-62.744141, 189.453125, 868.652344
-160.888672, -325.927734, -203.857422
-78.369141, -470.458984, -690.185547
5.371094, -378.662109, -1084.716797
-93.505859, -404.541016, -1470.458984
-,-,-
82.519531, 292.968750, 1308.593750
19.042969, 323.242188, 1662.597656
73.242188, 362.304688, 1728.515625
-28.564453, 285.644531, 1739.257812
-10.986328, 219.726562, 1551.757812
-75.927734, 120.605469, 866.210938
-117.431641, -396.728516, 169.433594
-28.564453, -519.287109, -339.599609
8.789062, -347.900391, -861.572266
-90.087891, -403.564453, -1396.240234
-186.767578, -349.853516, -1359.130859
-,-,-
139.160156, 319.824219, 1398.437500
157.226562, 402.832031, 1631.835938
162.109375, 366.210938, 1771.484375
58.593750, 211.914062, 1891.601562
-77.392578, 268.554688, 1235.839844
81.054688, 21.972656, 419.921875
-160.888672, -260.498047, -335.205078
-317.138672, -360.595703, -777.587891
-,-,-
204.101562, 330.078125, 1366.210938
108.398438, 323.242188, 1464.843750
216.796875, 282.226562, 1724.609375
166.015625, 269.042969, 1999.755859
126.953125, 396.484375, 1379.394531
-103.271484, -33.447266, 49.804688
-134.521484, -339.599609, -390.869141
-90.087891, -234.619141, -744.873047
-106.201172, -270.751953, -1481.201172
-176.513672, -341.552734, -1397.216797
-,-,-
153.320312, 182.128906, 1330.078125
130.371094, 183.105469, 1761.718750
13.671875, 257.324219, 1999.755859
81.054688, 658.691406, 1909.667969
-167.236328, 20.507812, 115.234375
-202.392578, -235.595703, -527.099609
-5.126953, -259.521484, -982.666016
-,-,-
80.566406, 142.578125, 1194.824219
96.679688, 242.675781, 1495.605469
187.011719, 183.105469, 1548.828125
-175.537109, 145.019531, 1572.265625
12.695312, 116.699219, 1625.976562
-159.912109, -26.123047, -222.412109
86.914062, -595.458984, -156.005859
-72.509766, -615.966797, -614.990234
9.277344, -515.380859, -1063.232422
-104.248047, -459.716797, -1316.162109
-,-,-
171.875000, 280.273438, 1326.171875
111.816406, 426.269531, 1433.593750
126.953125, 445.312500, 1617.187500
37.597656, 376.953125, 1843.750000
-0.244141, 164.062500, 1542.968750
68.359375, 207.031250, 1196.777344
12.207031, 12.207031, -397.705078
-102.294922, -415.771484, -991.943359
14.648438, -351.806641, -1166.748047
-,-,-
188.476562, 327.148438, 1402.832031
142.578125, 439.453125, 1294.921875
150.878906, 191.406250, 1683.593750
-108.154297, 115.722656, 1519.531250
63.476562, 101.074219, 1433.593750
-31.005859, -17.822266, 432.128906
-61.767578, -245.849609, 28.320312
-45.166016, -320.556641, -703.857422
-,-,-
242.187500, 402.832031, 1157.226562
243.164062, 289.062500, 1141.601562
307.128906, 330.078125, 1481.445312
218.261719, 208.984375, 1720.703125
-86.669922, 71.289062, 1635.742188
30.761719, 69.335938, 1333.984375
-138.916016, 149.902344, -247.314453
299.804688, -487.548828, -502.197266
65.917969, -603.271484, -503.173828
112.792969, -540.771484, -956.787109
-,-,-
67.871094, 270.019531, 1289.062500
116.699219, 291.992188, 1560.546875
-55.908203, 213.867188, 1577.636719
-4.150391, 124.023438, 1582.031250
-68.603516, 219.238281, 749.023438
-91.064453, -234.130859, 296.386719
-92.529297, -494.873047, -65.185547
-59.326172, -654.052734, -893.798828
-,-,-
148.925781, 3.906250, 978.027344
62.500000, -3.173828, 1181.640625
-16.845703, 16.113281, 1452.636719
67.382812, 330.078125, 1800.781250
72.753906, 154.296875, 1976.562500
-100.830078, 219.238281, 1500.976562
-86.669922, 136.230469, 458.496094
-78.857422, -265.869141, -87.158203
24.414062, -290.283203, -661.865234
-,-,-
114.257812, 129.882812, 1140.625000
19.531250, 239.746094, 1654.785156
126.953125, 585.937500, 1999.755859
468.750000, 421.386719, 1999.755859
-88.134766, 248.535156, 581.054688
-260.009766, -68.603516, 129.882812
-109.130859, -244.873047, -763.916016
-,-,-
32.226562, -174.072266, 1121.093750
52.734375, -114.501953, 1385.742188
-39.306641, -32.958984, 1599.609375
2.929688, 13.671875, 1904.296875
1.953125, 85.449219, 1496.093750
-92.529297, -55.908203, 580.078125
-182.373047, -316.650391, 46.875000
5.371094, -515.380859, -615.966797
195.800781, -650.146484, -1178.466797
-,-,-
57.128906, 3.906250, 1358.398438
65.917969, 34.179688, 1262.695312
13.671875, 38.085938, 1184.570312
47.851562, 70.800781, 1489.746094
-49.560547, 182.128906, 1647.460938
-76.904297, 59.570312, 1927.734375
88.867188, 218.261719, 1526.855469
-280.029297, -73.486328, -202.880859
8.300781, -374.755859, -503.662109
-,-,-
142.578125, -99.853516, 1040.039062
-21.240234, -52.978516, 1390.625000
24.414062, -1.708984, 1501.953125
-28.564453, 127.929688, 1999.755859
-46.142578, -49.072266, 1616.699219
-21.240234, -71.044922, 1302.734375
-83.740234, -218.994141, 33.691406
-31.005859, -627.197266, -436.279297
51.757812, -733.154297, -1033.447266
43.457031, -652.099609, -1131.591797
-,-,-
134.277344, 150.878906, 1625.976562
-30.029297, 364.257812, 1999.755859
68.359375, 109.375000, 1954.101562
-114.990234, -39.794922, 1757.812500
-57.373047, 30.761719, 212.402344
77.148438, -233.642578, -613.037109
-,-,-
13.671875, 248.046875, 1588.867188
-59.326172, 132.324219, 1691.406250
-108.154297, -48.583984, 1840.820312
90.820312, 68.359375, 958.984375
13.183594, -129.150391, -45.166016
-200.927734, -537.841797, -324.951172
-,-,-
20.507812, -317.626953, 1309.570312
30.273438, -299.560547, 1433.593750
-118.896484, -146.240234, 1820.312500
-284.423828, -248.779297, 1999.755859
-15.869141, -171.142578, 1229.492188
-51.025391, -123.779297, -406.982422
88.867188, -400.146484, -699.951172
181.640625, -440.673828, -1467.529297
-,-,-
115.722656, -243.896484, 1435.546875
38.574219, -26.123047, 1790.527344
84.960938, -191.162109, 1999.755859
160.156250, 300.292969, 1148.925781
-122.314453, -65.673828, -202.880859
-82.763672, -330.810547, -551.025391
-,-,-
142.578125, 194.335938, 1537.597656
154.785156, 130.859375, 1779.296875
-93.994141, -184.326172, 1999.755859
94.238281, 375.488281, 1375.976562
-168.212891, -63.232422, -332.763672
24.902344, -419.189453, -829.833984
323.242188, -339.111328, -1206.787109
-,-,-
-16.845703, 173.828125, 1723.632812
-0.732422, 113.281250, 1928.222656
-234.619141, -31.005859, 1999.755859
161.621094, 393.554688, 1066.894531
-75.927734, -38.330078, -364.013672
-,-,-
123.535156, 123.046875, 1055.175781
229.980469, 312.988281, 1011.718750
52.734375, 132.324219, 1390.625000
-100.830078, 184.082031, 1568.359375
87.890625, 305.664062, 1915.527344
-40.771484, 238.281250, 1608.886719
99.121094, 170.410156, 680.175781
-,-,-
204.101562, 79.101562, 1333.984375
139.160156, 88.867188, 1392.578125
-12.939453, 85.937500, 1667.968750
130.371094, 6.835938, 1999.755859
29.296875, 516.601562, 1379.394531
19.531250, -42.724609, -244.873047
-140.869141, -611.083984, -659.912109
-,-,-
161.621094, 169.921875, 1259.765625
176.757812, 258.789062, 1083.007812
146.484375, 354.980469, 1999.755859
91.796875, 458.496094, 1977.539062
280.761719, 680.175781, 1999.755859
-204.345703, 285.644531, 63.476562
-177.978516, -231.689453, -335.205078
79.589844, -382.568359, -1162.841797
228.027344, -498.779297, -1254.638672
-,-,-
84.472656, 295.898438, 1371.582031
202.636719, 319.335938, 1999.755859
57.617188, 313.476562, 1999.755859
110.351562, 825.683594, 1402.832031
-311.279297, -102.783203, -162.353516
-,-,-
146.484375, 216.796875, 1300.781250
56.152344, 354.492188, 1627.441406
94.238281, 255.371094, 1999.755859
-78.369141, 461.914062, 1985.351562
177.246094, 641.113281, 792.480469
20.019531, -529.052734, -591.064453
46.875000, -510.986328, -721.923828
-,-,-
110.839844, 211.914062, 957.031250
45.410156, 37.597656, 1170.898438
159.179688, 270.019531, 967.773438
148.437500, 238.281250, 1093.750000
124.511719, 209.960938, 1012.695312
140.625000, 217.285156, 935.546875
105.468750, 224.609375, 902.343750
96.191406, 205.078125, 954.101562
99.609375, 241.210938, 1006.835938
100.585938, 396.484375, 1492.675781
129.394531, 448.242188, 1999.755859
166.503906, 449.218750, 1999.755859
79.101562, 519.531250, 932.128906
-,-,-
53.710938, -181.884766, 1389.648438
22.949219, 171.875000, 1999.755859
-45.166016, 73.242188, 1999.755859
0.488281, 149.902344, 1849.609375
-127.685547, 127.929688, 18.554688
6.835938, -418.701172, -424.072266
138.671875, -427.490234, -793.701172
-,-,-
315.429688, 353.515625, 1276.855469
197.753906, 281.250000, 1495.605469
-4.638672, 304.687500, 1784.179688
16.113281, 57.617188, 1999.755859
-32.470703, 461.914062, 1176.757812
1.953125, -25.146484, -760.986328
158.203125, -452.880859, -832.763672
-,-,-
136.718750, 264.648438, 1670.898438
2.929688, 180.664062, 1999.755859
20.507812, 108.398438, 1546.875000
-144.287109, 178.710938, 1377.929688
125.976562, -180.908203, -1138.427734
320.800781, -819.091797, -211.181641
-,-,-
113.769531, 115.234375, 1450.683594
89.355469, 80.566406, 1708.984375
-13.427734, 78.125000, 1963.867188
-91.552734, 78.613281, 1605.468750
13.671875, -38.330078, 226.074219
135.253906, -612.548828, -524.169922
174.804688, -503.662109, -767.822266
-,-,-
27.343750, 205.566406, 1628.906250
142.089844, 127.929688, 1783.203125
-51.513672, -15.869141, 1953.613281
105.468750, 155.761719, 626.464844
-118.408203, -417.236328, 124.511719
-74.951172, -624.755859, -83.251953
37.109375, -674.072266, -442.138672
-,-,-
73.730469, 33.203125, 983.398438
75.195312, 102.539062, 987.304688
116.699219, 74.218750, 988.281250
72.265625, 141.601562, 1279.296875
139.160156, 294.921875, 1892.578125
86.914062, 281.250000, 1999.755859
44.433594, 368.164062, 1999.755859
37.597656, 559.082031, 577.636719
-99.365234, -157.470703, -850.830078
-,-,-
-31.005859, -34.423828, 1350.585938
-75.439453, -86.669922, 1999.755859
-116.943359, 26.367188, 1999.755859
-44.189453, 141.601562, 797.851562
-156.494141, -373.291016, 5.859375
81.542969, -653.076172, -614.990234
-,-,-
101.074219, 42.968750, 1572.265625
147.460938, 211.914062, 1413.085938
-71.044922, 68.847656, 1999.755859
-0.732422, 291.992188, 1816.406250
-68.603516, 242.675781, 86.425781
-78.369141, -434.326172, -262.451172
70.800781, -507.080078, -830.810547
-,-,-
91.796875, 149.414062, 1397.460938
45.410156, 200.683594, 1505.859375
-101.318359, 75.195312, 1797.851562
22.949219, 40.039062, 1931.152344
79.101562, 121.582031, 958.007812
-55.908203, -261.474609, -41.259766
-,-,-
115.722656, 395.507812, 1664.062500
118.164062, 466.796875, 1925.781250
85.937500, 333.496094, 1999.755859
-1.220703, 250.000000, 1924.804688
2.441406, 354.492188, 201.660156
18.066406, -344.482422, -810.791016
125.488281, -392.822266, -999.755859
-,-,-
180.664062, 187.011719, 1585.937500
75.195312, 462.890625, 1729.492188
1.464844, 292.968750, 1999.755859
-98.876953, 322.753906, 1586.914062
149.414062, 325.195312, 355.468750
57.128906, -276.611328, -709.716797
-,-,-
85.937500, 201.660156, 1997.558594
258.300781, 387.695312, 1999.755859
210.937500, 303.222656, 1999.755859
176.269531, 151.855469, 1052.734375
-87.158203, 73.242188, -434.326172
-26.611328, -295.654297, -717.529297
-,-,-
164.062500, 306.640625, 1518.554688
103.515625, 462.890625, 1834.960938
63.964844, 232.421875, 1999.755859
-86.181641, 536.621094, 1915.527344
105.957031, 456.542969, -61.279297
84.960938, -388.916016, -525.146484
176.757812, -99.853516, -1115.966797
-,-,-
110.351562, 340.332031, 1177.734375
107.910156, 448.242188, 1656.738281
95.214844, 441.406250, 1774.414062
-167.724609, 313.964844, 1868.164062
-50.048828, 231.933594, 1704.589844
15.625000, 248.046875, -83.251953
106.933594, -270.751953, -787.353516
-,-,-
121.582031, 291.992188, 1761.718750
-74.462891, 512.695312, 1999.755859
-1.220703, 171.875000, 1999.755859
70.800781, 627.929688, 803.222656
-84.228516, -287.353516, -726.806641
114.746094, -471.923828, -829.345703
95.214844, -468.505859, -1289.794922
-,-,-
189.941406, 159.667969, 1374.511719
148.925781, 449.218750, 1835.937500
166.015625, -87.158203, 1999.755859
26.855469, 179.687500, 1636.718750
94.238281, 214.843750, 312.500000
-,-,-
242.187500, 444.824219, 1242.675781
47.363281, 377.441406, 1732.421875
-39.306641, 105.468750, 1999.755859
-149.658203, 95.703125, 1999.755859
-52.978516, 473.144531, 866.210938
19.042969, -25.146484, -272.216797
145.019531, -231.201172, -1228.271484
-,-,-
105.468750, 105.468750, 1281.250000
60.058594, 172.851562, 1572.753906
7.812500, 333.984375, 1823.242188
-29.052734, 105.957031, 1999.755859
-72.021484, 253.906250, 1757.812500
-142.333984, 459.960938, 227.539062
146.484375, -443.115234, -1435.302734
-,-,-
-0.732422, -17.822266, 1999.755859
-218.505859, -113.525391, 1999.755859
-33.447266, 434.082031, 1036.621094
-0.244141, -282.958984, -962.646484
62.988281, -351.806641, -1090.576172
35.156250, -439.697266, -1476.318359
-,-,-
41.015625, 454.589844, 1706.542969
-35.400391, 110.351562, 1999.755859
-87.646484, 307.617188, 1999.755859
-73.486328, 533.203125, 368.164062
142.578125, -273.681641, -919.677734
70.312500, -634.521484, -988.037109
-,-,-
142.089844, 220.214844, 1274.902344
128.417969, 253.417969, 1460.937500
34.179688, 317.871094, 1999.755859
-281.494141, 542.968750, 1999.755859
12.207031, 462.890625, 1420.898438
52.246094, 99.121094, -1046.630859
-8.544922, -507.080078, -796.630859
-,-,-
50.781250, 126.953125, 1668.945312
31.738281, 250.000000, 1978.515625
-54.931641, 232.910156, 1999.755859
-74.951172, 129.882812, 1999.755859
-14.404297, 506.347656, 897.949219
-104.248047, 37.109375, -1036.865234
-,-,-
-157.470703, 379.882812, 1999.755859
16.601562, 321.777344, 1999.755859
-200.439453, 778.320312, 628.906250
-,-,-
31.738281, 229.492188, 1820.312500
32.714844, 10.742188, 1999.755859
193.359375, 212.890625, 1566.406250
-148.681641, -35.400391, -83.251953
-158.935547, -445.068359, -320.068359
-,-,-
147.460938, 129.882812, 1444.335938
28.808594, 374.023438, 1841.796875
35.644531, 297.851562, 1903.808594
-71.044922, 177.734375, 1982.421875
78.613281, 400.390625, 781.250000
-,-,-
193.847656, 113.281250, 1627.929688
8.789062, 148.437500, 1606.445312
25.390625, -32.470703, 1999.755859
-64.208984, 16.113281, 1847.656250
132.812500, 157.226562, 404.296875
40.527344, -266.845703, -564.208984
-,-,-
189.941406, 241.210938, 1431.640625
277.343750, 338.867188, 1553.710938
240.722656, 385.253906, 1811.523438
181.640625, 162.109375, 1696.777344
82.519531, 79.101562, 1683.593750
62.011719, 201.660156, 515.136719
45.410156, -128.662109, -478.271484
-62.744141, -294.677734, -913.818359
-,-,-
312.988281, 332.519531, 1564.453125
94.238281, 292.480469, 1528.808594
192.382812, 346.679688, 1646.484375
217.285156, 162.109375, 1812.500000
166.992188, 428.710938, 1720.703125
-253.662109, 66.894531, -450.927734
-109.130859, -414.794922, -584.716797
-,-,-
0.000000, 157.226562, 1566.406250
-84.228516, 153.808594, 1581.054688
-45.654297, -45.654297, 1606.933594
-77.392578, -224.365234, 438.476562
-111.572266, -440.673828, 24.414062
-45.166016, -505.126953, -493.896484
52.734375, -602.294922, -900.146484
-17.822266, -683.349609, -1110.595703
-,-,-
89.843750, 241.699219, 1757.812500
132.324219, 285.156250, 1571.289062
69.335938, 32.714844, 1999.755859
58.593750, 76.171875, 1345.703125
-177.978516, -64.697266, 255.371094
-109.619141, -390.869141, -873.779297
-,-,-
173.828125, 198.242188, 1383.789062
102.539062, 182.617188, 1741.699219
-73.486328, 221.191406, 1632.812500
-45.654297, -35.400391, 1629.882812
-36.865234, -33.447266, 1267.578125
109.863281, -93.505859, 140.136719
-52.978516, -488.525391, -258.056641
-183.837891, -608.154297, -1157.470703
-,-,-
111.816406, 217.285156, 1625.976562
57.128906, 301.269531, 1999.755859
55.175781, -16.845703, 1999.755859
18.554688, 235.839844, 1337.890625
-108.154297, 0.976562, -600.830078
-94.482422, -148.193359, -1426.513672
-,-,-
199.707031, 396.484375, 1428.710938
278.320312, 462.890625, 1802.734375
109.375000, 453.613281, 1519.531250
84.960938, 17.089844, 1861.328125
41.015625, 88.867188, 1260.742188
-16.845703, 144.531250, 324.707031
-90.087891, -331.787109, -1041.748047
-2.685547, -372.314453, -1305.419922
-,-,-
182.128906, 166.503906, 1716.796875
155.761719, 312.500000, 1496.093750
59.570312, 114.257812, 1999.755859
43.457031, 97.167969, 1841.796875
-11.962891, 157.714844, 493.164062
46.875000, -171.142578, -385.009766
-94.482422, -502.685547, -1070.556641
-149.658203, -503.662109, -1360.107422
-,-,-
233.398438, 359.375000, 1628.906250
135.742188, 206.054688, 1999.755859
131.347656, 100.097656, 1845.703125
286.621094, 176.757812, 609.375000
-149.658203, -395.751953, -295.654297
-114.990234, -496.826172, -614.013672
-5.126953, -494.384766, -1217.529297
-,-,-
195.800781, 291.015625, 1561.523438
120.117188, 138.671875, 1726.562500
47.363281, -59.326172, 1511.718750
74.218750, -134.033203, 1632.812500
-54.443359, -20.751953, -191.162109
60.058594, -347.412109, -786.865234
-211.669922, -479.248047, -1763.427734
-237.060547, -580.810547, -1202.880859
-,-,-
234.863281, 385.742188, 1680.664062
143.066406, 238.769531, 1737.304688
-67.626953, 98.144531, 1710.937500
-49.072266, -7.080078, 1120.117188
47.851562, -56.396484, 165.039062
88.378906, -278.076172, -797.607422
37.597656, -519.287109, -1096.435547
-115.966797, -444.580078, -1615.966797
-,-,-
166.503906, 289.062500, 1635.742188
62.011719, 346.679688, 1726.562500
-145.751953, 124.023438, 1999.755859
24.414062, 172.363281, 1642.578125
-103.271484, 121.582031, -61.279297
73.242188, -434.814453, -1306.396484
-22.216797, -557.861328, -1470.458984
-,-,-
309.570312, 434.570312, 1555.664062
274.414062, 458.496094, 1773.437500
225.585938, 320.800781, 1713.867188
88.378906, 156.250000, 1835.449219
94.726562, 106.445312, 1139.648438
-50.048828, -73.974609, 279.296875
3.906250, -443.603516, -990.966797
-30.517578, -611.083984, -1148.193359
30.273438, -619.873047, -978.759766
-,-,-
210.449219, 365.234375, 1947.265625
70.312500, 195.312500, 1999.755859
-8.056641, 88.867188, 1999.755859
102.050781, 307.617188, 937.988281
-51.513672, -187.255859, -552.001953
-2.685547, -344.482422, -1293.701172
-115.966797, -397.216797, -1419.677734
-83.251953, -507.080078, -882.568359
-,-,-
54.687500, -170.654297, 1015.625000
-30.517578, -36.865234, 975.585938
107.421875, 269.042969, 1338.867188
-32.470703, 10.742188, 1142.578125
-76.416016, -135.009766, 1242.187500
26.855469, -209.716797, 1789.550781
-11.474609, 12.207031, 1537.109375
19.531250, -21.728516, -468.994141
8.789062, -732.666016, 440.429688
31.738281, -695.068359, -397.216797
111.816406, -515.869141, -707.763672
-,-,-
-88.134766, 67.382812, 1168.945312
52.734375, 182.617188, 1618.164062
11.230469, 416.503906, 1530.273438
-38.818359, 182.128906, 1429.687500
-143.310547, -309.326172, 300.292969
-34.912109, -811.279297, 347.167969
-241.943359, -575.927734, -290.771484
-,-,-
170.898438, 365.234375, 1296.875000
95.214844, 490.722656, 1466.796875
283.691406, 683.593750, 1796.875000
191.406250, 557.128906, 1496.582031
-190.673828, -127.685547, 49.316406
-251.708984, -415.771484, -62.255859
-14.404297, -388.427734, -738.037109
-,-,-
161.132812, 412.109375, 1733.398438
174.804688, 683.593750, 1999.755859
180.175781, 94.726562, 1130.859375
-56.884766, -264.892578, 76.660156
-,-,-
122.558594, 401.855469, 1343.750000
62.988281, 453.125000, 1656.738281
132.812500, 483.398438, 1990.234375
4.882812, 130.371094, 1070.800781
-79.345703, -191.162109, 338.378906
-121.826172, -364.501953, -653.076172
-,-,-
50.781250, 406.250000, 1366.699219
70.312500, 585.937500, 1408.691406
-11.474609, 719.726562, 1674.804688
62.988281, 250.976562, 1743.652344
-21.240234, 57.617188, 1537.109375
58.593750, -113.525391, 268.554688
-15.869141, -571.044922, -537.841797
-35.888672, -686.279297, -830.810547
-,-,-
133.300781, 506.347656, 1663.574219
155.273438, 636.718750, 1596.679688
161.621094, 412.109375, 1999.755859
50.292969, 214.843750, 714.355469
-86.669922, -394.775391, 437.011719
-195.556641, -421.142578, -1083.740234
-109.130859, -371.337891, -1347.412109
-,-,-
150.878906, 517.089844, 1814.453125
197.753906, 338.378906, 1999.755859
145.019531, 125.000000, 1205.566406
-240.478516, -511.962891, -658.935547
-142.822266, -315.185547, -1171.630859
-,-,-
56.152344, 558.593750, 1552.734375
150.878906, 525.390625, 1743.652344
35.156250, 405.761719, 1999.755859
181.152344, 379.882812, 1448.730469
-202.880859, -43.701172, -125.244141
-88.134766, -358.154297, -644.775391
-,-,-
185.546875, 483.398438, 1779.296875
89.355469, 636.230469, 1999.755859
106.933594, 433.105469, 1405.761719
-366.943359, -7.568359, 592.285156
-25.634766, -334.716797, -772.216797
-,-,-
229.492188, -102.783203, 1845.703125
109.375000, -159.912109, 793.945312
-235.595703, -510.986328, -429.931641
-65.185547, -531.982422, -847.412109
-193.603516, -552.978516, -1211.669922
-181.396484, -684.326172, -1048.583984
-,-,-
115.234375, 412.109375, 1008.789062
97.656250, 613.281250, 1114.257812
130.859375, 677.734375, 1388.671875
162.597656, 770.507812, 1514.648438
117.675781, 749.023438, 1788.085938
79.101562, 377.929688, 1458.984375
-51.513672, 311.523438, 394.042969
5.859375, -420.166016, -622.802734
-81.787109, -508.544922, -907.958984
-,-,-
95.214844, 578.125000, 1370.117188
118.652344, 603.515625, 1460.937500
46.875000, 759.277344, 1971.679688
118.164062, 468.261719, 1699.707031
-130.126953, 274.902344, 9.277344
-81.298828, -493.896484, -78.857422
-16.845703, -549.560547, -716.552734
-88.623047, -590.576172, -970.458984
-79.345703, -633.544922, -929.443359
-135.009766, -807.861328, -665.771484
-,-,-
126.953125, 591.308594, 1399.414062
140.136719, 809.082031, 1645.507812
64.453125, 521.972656, 1839.355469
74.707031, 464.843750, 1498.535156
-79.833984, 210.937500, 770.996094
-10.986328, -237.548828, -578.857422
-95.947266, -530.029297, -1016.357422
-112.548828, -531.982422, -1105.224609
-163.818359, -706.298828, -879.638672
-,-,-
104.492188, 572.265625, 1314.453125
109.863281, 509.277344, 1415.039062
232.910156, 819.335938, 1639.648438
84.960938, 813.476562, 1768.554688
101.074219, 545.898438, 1605.468750
-39.794922, 416.015625, 783.691406
36.132812, -295.654297, -518.310547
-156.494141, -460.205078, -961.669922
-,-,-
109.375000, 529.296875, 1417.968750
80.078125, 767.578125, 1665.039062
208.496094, 839.843750, 1972.656250
99.609375, 388.183594, 1717.773438
40.039062, 335.937500, 1012.695312
-99.853516, -112.548828, -481.689453
-174.072266, -435.302734, -1001.708984
-,-,-
199.218750, 800.781250, 1797.363281
170.410156, 983.398438, 1999.755859
249.023438, 618.652344, 1999.755859
-0.732422, 449.707031, 1326.660156
-35.400391, 97.656250, -140.869141
-154.052734, -355.712891, -964.599609
-378.662109, -581.787109, -1641.357422
-,-,-
246.582031, 777.832031, 1659.667969
296.386719, 710.449219, 1560.546875
141.601562, 681.640625, 1689.453125
237.792969, 360.351562, 1816.406250
53.710938, 127.929688, 722.167969
-88.134766, -215.087891, -242.919922
-,-,-
199.218750, 711.425781, 1787.109375
-1.220703, 825.683594, 1776.367188
198.730469, 596.679688, 1999.755859
193.359375, 416.992188, 1677.734375
12.695312, 364.257812, 10.742188
-142.822266, -197.021484, -1188.232422
-254.638672, -351.806641, -1274.169922
-,-,-
114.257812, 700.195312, 1999.755859
105.957031, 750.976562, 1999.755859
210.449219, 279.296875, 1999.755859
-37.841797, 563.476562, 494.628906
-57.861328, -273.681641, -1038.818359
-,-,-
53.710938, 678.222656, 1522.460938
212.890625, 105.957031, 1907.226562
-75.927734, 163.574219, 1009.765625
-188.232422, -179.443359, -380.126953
-1.220703, -465.576172, -766.845703
10.253906, -546.630859, -957.763672
-,-,-
210.937500, 848.144531, 1912.109375
207.519531, 581.054688, 1904.296875
335.937500, 397.460938, 1795.410156
-13.916016, 79.589844, 167.480469
-144.775391, -423.095703, -650.146484
-,-,-
187.011719, 498.046875, 1331.054688
135.253906, 532.226562, 1531.738281
116.210938, 670.898438, 1790.527344
347.167969, 291.015625, 1970.703125
151.367188, 251.464844, 1249.023438
-45.654297, 253.417969, -180.908203
-,-,-
239.257812, 183.105469, 1321.777344
119.140625, 158.203125, 1453.613281
105.468750, 536.132812, 1716.796875
227.539062, 402.343750, 1999.755859
170.898438, 165.039062, 1505.859375
115.234375, 141.601562, 878.906250
58.593750, -139.892578, -410.888672
-110.595703, -323.974609, -1149.658203
-65.673828, -369.873047, -1094.482422
-104.736328, -492.431641, -1114.990234
-,-,-
161.621094, 558.593750, 1778.320312
262.695312, 425.781250, 1976.562500
115.722656, 318.359375, 1999.755859
96.679688, 154.296875, 1158.691406
-24.658203, 96.191406, 13.671875
-55.908203, -556.884766, -892.822266
-66.650391, -626.708984, -966.552734
-185.791016, -639.404297, -995.849609
-,-,-
286.621094, 280.761719, 1802.734375
53.222656, 554.687500, 1825.195312
207.519531, 165.527344, 1999.755859
172.363281, -37.353516, 1351.562500
1.464844, 13.671875, 277.343750
-,-,-
127.441406, 471.679688, 1618.164062
-110.107422, 577.148438, 1999.755859
-79.345703, 249.023438, 1808.593750
-47.607422, 250.000000, 1776.367188
-128.173828, 191.406250, 520.996094
16.113281, -420.166016, -916.748047
-,-,-
155.761719, 250.488281, 1401.367188
81.054688, 198.730469, 1223.632812
166.503906, 348.632812, 1354.492188
234.863281, 421.386719, 1668.457031
112.304688, 295.898438, 1999.755859
37.597656, 350.585938, 1702.636719
28.808594, 290.039062, 692.871094
25.878906, -96.923828, -1423.583984
-,-,-
28.808594, 483.398438, 1851.562500
67.871094, 344.726562, 1984.375000
174.316406, 158.203125, 1819.335938
-10.498047, 89.843750, 615.722656
-41.748047, -314.208984, -140.380859
-65.185547, -513.427734, -989.990234
-119.873047, -502.685547, -1165.771484
-157.470703, -603.271484, -895.263672
-,-,-
237.304688, 408.203125, 1316.406250
236.816406, 447.265625, 1736.328125
198.242188, 712.890625, 1955.078125
200.195312, 192.382812, 1999.755859
7.812500, 301.269531, 945.800781
76.660156, 169.433594, 45.410156
-,-,-
253.417969, 274.902344, 1276.855469
-31.005859, 291.992188, 1706.542969
98.632812, 151.855469, 1950.195312
65.429688, 53.222656, 1084.960938
-158.447266, -234.619141, 691.406250
-115.478516, -490.478516, 379.394531
-10.498047, -497.802734, -576.904297
-,-,-
341.308594, 290.527344, 1662.597656
145.019531, 477.050781, 1908.203125
159.179688, 133.789062, 1774.414062
-11.962891, 69.335938, 1540.039062
144.531250, -161.865234, 640.136719
-3.662109, -398.193359, -94.970703
-73.974609, -345.458984, -749.755859
-,-,-
260.253906, 226.562500, 1637.695312
90.820312, 318.359375, 1917.480469
274.902344, 170.410156, 1908.203125
63.964844, 8.789062, 481.933594
-202.392578, -239.501953, -515.869141
-83.251953, -493.896484, -684.814453
-214.111328, -534.423828, -898.681641
-277.099609, -600.341797, -1039.794922
-,-,-
107.910156, 249.023438, 1458.984375
101.074219, 190.917969, 1710.937500
259.765625, -222.900391, 1568.359375
287.109375, -305.419922, 1266.601562
-75.927734, -286.376953, 476.562500
-137.451172, -376.708984, -468.017578
-,-,-
42.480469, 457.519531, 1335.937500
59.082031, 409.179688, 1360.351562
111.816406, 436.523438, 1589.843750
142.578125, 442.382812, 1854.492188
175.781250, -54.931641, 1791.992188
246.582031, -200.439453, 1331.054688
3.906250, -346.435547, 234.375000
-51.025391, -462.646484, -144.287109
-67.138672, -440.673828, -657.958984
-80.810547, -352.783203, -952.880859
-,-,-
32.226562, 176.757812, 1154.296875
36.132812, 399.414062, 1247.070312
69.335938, 417.968750, 1682.617188
8.300781, 232.421875, 1609.375000
62.011719, 326.171875, 1099.121094
-356.201172, -299.560547, -142.333984
20.507812, -655.517578, -260.009766
-40.771484, -617.919922, -809.814453
-,-,-
201.660156, 295.898438, 1471.679688
31.250000, 530.273438, 1564.453125
30.273438, 368.164062, 1847.656250
8.300781, 389.160156, 1421.875000
-113.037109, -48.583984, 307.128906
48.828125, -468.994141, -655.029297
-,-,-
146.972656, 601.562500, 1771.484375
69.335938, 797.363281, 1999.755859
-118.408203, 294.921875, 1601.562500
-38.330078, -106.201172, -151.123047
-115.478516, -440.185547, -1239.013672
-,-,-
20.996094, 609.863281, 1666.992188
57.128906, 357.910156, 1717.773438
24.414062, 175.292969, 1999.755859
-194.580078, 239.746094, 769.042969
24.414062, -686.279297, -268.310547
16.113281, -600.341797, -600.830078
-,-,-
9.277344, 400.878906, 1427.734375
47.851562, 161.132812, 1863.281250
54.199219, 148.925781, 1391.601562
-267.333984, -419.189453, 252.441406
54.199219, -575.439453, -415.771484
-,-,-
13.671875, 465.820312, 1501.953125
147.460938, 94.238281, 1902.343750
-2.685547, 50.781250, 1553.710938
-229.736328, -158.447266, 252.441406
53.710938, -658.447266, -488.037109
24.902344, -465.576172, -1120.849609
-136.474609, -561.279297, -1095.458984
-,-,-
28.808594, 271.484375, 1269.531250
-84.228516, 282.714844, 1477.539062
6.347656, 237.792969, 1780.273438
-22.705078, 233.886719, 965.820312
-126.708984, -117.431641, 457.031250
67.871094, -616.943359, -471.923828
9.277344, -650.146484, -850.830078
-71.044922, -622.802734, -993.896484
-,-,-
90.332031, 447.753906, 1238.281250
107.421875, 488.281250, 1666.015625
129.394531, 191.894531, 1726.562500
113.281250, 310.546875, 1532.714844
-31.982422, -159.423828, 401.367188
-19.775391, -493.408203, -410.888672
-38.330078, -552.490234, -707.763672
-71.044922, -471.435547, -770.263672
-157.958984, -721.435547, -928.466797
-,-,-
74.707031, 319.335938, 1399.414062
10.253906, 511.718750, 1624.023438
115.234375, 498.046875, 1655.273438
-39.794922, 85.449219, 998.046875
-142.333984, -284.423828, 341.796875
26.855469, -527.099609, -300.048828
-10.986328, -422.607422, -926.513672
-,-,-
-41.748047, 279.296875, 1390.625000
62.011719, -95.947266, 1304.687500
49.804688, 27.343750, 870.117188
-157.470703, -493.896484, 106.445312
82.519531, -975.830078, -401.123047
55.175781, -803.955078, -630.615234
-,-,-
100.097656, 437.988281, 1666.992188
163.574219, 221.679688, 1922.851562
102.539062, 227.539062, 1561.523438
-95.947266, -164.794922, 828.125000
43.457031, -360.595703, -378.662109
-14.404297, -258.544922, -826.904297
-70.068359, -150.146484, -1188.232422
-132.568359, -346.923828, -1181.396484
-,-,-
77.148438, 446.289062, 1225.585938
139.160156, 441.894531, 1447.753906
78.613281, 549.316406, 1423.828125
85.937500, 432.128906, 1739.257812
-16.357422, 83.496094, 1355.468750
-67.138672, -178.466797, 550.292969
19.042969, -164.306641, -524.658203
-,-,-
88.378906, 739.746094, 1282.226562
20.507812, 763.671875, 1625.000000
43.457031, 367.187500, 1999.755859
-73.486328, 372.558594, 1456.054688
58.593750, 28.320312, 391.113281
113.769531, -354.248047, -645.263672
95.214844, -293.701172, -1087.646484
-25.634766, -191.162109, -1388.427734
40.039062, -371.337891, -1226.318359
-,-,-
137.695312, 779.296875, 1553.710938
-8.544922, 847.167969, 1999.755859
-142.822266, 609.863281, 1819.335938
-213.134766, 130.859375, 749.023438
44.433594, -171.142578, -967.529297
2.929688, 84.472656, -1781.982422
-,-,-
-41.748047, -160.888672, -1309.326172
-,-,-
55.664062, 704.101562, 1809.570312
170.410156, 383.300781, 1947.265625
-2.685547, 237.792969, 1521.484375
-0.244141, -174.560547, 847.167969
52.246094, -379.638672, 43.457031
78.613281, -400.146484, -790.771484
-22.216797, -198.486328, -1551.513672
-67.626953, -232.177734, -1484.130859
-,-,-
124.511719, 319.824219, 1554.687500
131.835938, 287.597656, 1738.281250
79.101562, 114.257812, 1966.796875
24.414062, -63.232422, 1120.117188
56.640625, -325.927734, 227.539062
7.324219, -475.830078, -768.798828
-,-,-
-9.521484, 384.765625, 1633.789062
44.921875, 411.132812, 1782.226562
36.621094, 300.292969, 1826.660156
-6.591797, 44.921875, 1278.808594
70.312500, -297.607422, -22.216797
-36.865234, -550.537109, -946.044922
-102.783203, -473.876953, -1261.474609
-155.029297, -519.775391, -1185.302734
-,-,-
47.363281, 626.464844, 1541.015625
50.292969, 676.757812, 1999.755859
73.242188, 362.304688, 1780.273438
-10.498047, 120.605469, 1519.531250
3.906250, -72.021484, 502.441406
92.773438, -504.150391, -495.849609
-45.654297, -403.564453, -1130.615234
-67.138672, -294.677734, -1210.693359
-,-,-
83.496094, 1016.113281, 1836.914062
11.230469, 1052.734375, 1999.755859
1.464844, 507.324219, 1827.636719
40.039062, 285.644531, 946.289062
46.875000, -333.251953, -623.291016
-128.662109, -270.751953, -1104.248047
-,-,-
138.183594, 619.140625, 1772.460938
118.164062, 425.781250, 1781.250000
-31.982422, 255.859375, 1685.546875
-51.025391, -160.888672, 697.265625
65.917969, -507.080078, -168.212891
48.339844, -500.732422, -599.365234
8.789062, -360.107422, -1035.888672
-,-,-
60.058594, 519.042969, 1999.755859
-100.341797, 234.375000, 1878.906250
-142.822266, -80.322266, 1203.613281
21.972656, -281.494141, 329.589844
71.289062, -534.912109, -621.826172
35.156250, -429.443359, -1040.771484
-130.126953, -316.650391, -1228.759766
-149.658203, -430.419922, -1212.646484
-,-,-
-15.380859, 815.429688, 1485.351562
-23.681641, 980.468750, 1710.937500
-8.544922, 948.730469, 1860.351562
-77.880859, 240.234375, 1508.789062
-36.376953, 205.078125, 1093.750000
116.699219, -139.892578, -105.224609
187.500000, -371.337891, -976.318359
-,-,-
46.386719, 615.234375, 1553.710938
-12.939453, 457.031250, 1732.421875
-0.732422, 162.109375, 1825.195312
33.203125, 84.960938, 1109.863281
16.113281, 14.648438, 81.542969
74.218750, -267.822266, -904.052734
12.207031, -194.091797, -1140.380859
-,-,-
21.972656, 515.625000, 1483.398438
-49.560547, 790.527344, 1646.484375
-93.017578, 483.398438, 1999.755859
-181.396484, 484.375000, 1826.660156
-60.302734, 175.781250, 472.167969
17.089844, -275.634766, -527.587891
-10.986328, -65.185547, -1506.591797
-,-,-
77.636719, 546.875000, 1738.281250
38.574219, 393.554688, 1791.503906
-73.486328, 133.789062, 1999.755859
-34.423828, 125.000000, 1363.769531
72.753906, -342.529297, -465.087891
115.722656, -388.427734, -614.013672
-28.076172, -163.818359, -1116.943359
-42.724609, -325.927734, -1225.341797
-54.931641, -587.646484, -996.826172
-,-,-
-12.939453, 512.207031, 1607.421875
30.273438, 640.136719, 1999.755859
-95.947266, 489.746094, 1936.523438
-89.111328, 123.046875, 1332.031250
18.554688, -73.486328, 588.378906
17.089844, -360.107422, -786.865234
-48.095703, -302.490234, -1239.013672
-,-,-
133.300781, 663.085938, 1616.210938
206.054688, 710.449219, 1758.789062
12.207031, 280.273438, 1998.535156
195.800781, 270.019531, 1982.421875
15.136719, 277.343750, 589.355469
-236.572266, -302.978516, -1168.701172
-52.490234, -101.318359, -1205.810547
-160.888672, -14.404297, -1290.771484
-107.666016, -427.490234, -957.763672
-,-,-
-10.986328, 624.511719, 1421.875000
37.597656, 543.945312, 1485.351562
-37.353516, 703.613281, 1999.755859
252.441406, 244.140625, 1758.789062
-70.068359, 129.394531, 1054.199219
5.371094, -258.544922, -531.005859
-56.884766, -297.607422, -1132.568359
-266.845703, -235.595703, -1239.013672
-181.396484, -431.396484, -1065.673828
-,-,-
63.476562, 115.722656, 1059.570312
43.457031, 178.710938, 1208.007812
24.902344, 257.812500, 1346.679688
58.593750, 318.359375, 1546.875000
104.980469, 177.734375, 1484.863281
-74.951172, -89.599609, 1155.273438
-57.373047, -280.517578, 71.289062
31.738281, -623.779297, -781.005859
-,-,-
108.886719, 578.125000, 1378.906250
158.203125, 514.648438, 1541.015625
22.949219, 659.667969, 1685.546875
-116.455078, 340.820312, 1852.539062
-78.369141, 403.320312, 794.921875
136.230469, -320.556641, -282.958984
-,-,-
41.992188, 761.230469, 1772.460938
-85.205078, 565.429688, 1978.515625
-173.095703, 109.375000, 1423.828125
-85.693359, -126.708984, 204.589844
51.269531, -541.259766, -802.490234
-,-,-
91.796875, 463.867188, 1714.843750
-39.306641, 243.164062, 1707.519531
-24.169922, 133.300781, 397.460938
-34.912109, -602.783203, -58.349609
102.050781, -616.943359, -717.529297
-,-,-
28.320312, 275.390625, 1445.800781
54.199219, 583.984375, 1848.632812
34.179688, 285.644531, 1879.882812
-67.626953, 249.511719, 1643.554688
-100.830078, -89.599609, 6.347656
-1.220703, -371.826172, -1032.958984
-,-,-
141.601562, 306.152344, 1406.738281
126.953125, 470.703125, 1775.390625
-36.865234, 193.359375, 1926.757812
-69.580078, 223.632812, 1129.882812
58.593750, -399.169922, -572.021484
28.808594, -434.814453, -1213.623047
-,-,-
68.359375, 215.332031, 1443.359375
232.421875, 368.652344, 1756.835938
-20.263672, 172.363281, 1740.234375
6.347656, 361.328125, 758.300781
-110.107422, -424.072266, -1188.720703
-,-,-
119.140625, 549.316406, 1473.632812
138.183594, 723.144531, 1764.648438
30.273438, 632.812500, 1996.582031
-62.744141, 287.109375, 1616.210938
14.648438, 212.402344, 789.062500
-61.767578, -414.794922, -953.857422
-103.759766, -526.611328, -1220.458984
-,-,-
145.507812, 754.882812, 1969.726562
107.910156, 695.800781, 1999.755859
-232.666016, 551.757812, 1850.097656
-17.333984, -94.970703, -33.447266
50.292969, -601.318359, -1012.451172
-,-,-
111.816406, 364.746094, 1999.755859
242.187500, 472.167969, 1999.755859
-104.248047, 226.562500, 1807.617188
4.394531, -64.208984, 260.253906
11.230469, -367.919922, -840.576172
-118.408203, -316.650391, -1631.591797
-,-,-
253.417969, 617.187500, 1935.546875
-9.521484, 675.292969, 1999.755859
-79.345703, 89.355469, 1484.375000
-119.384766, -0.732422, 903.808594
25.878906, -447.021484, -427.001953
40.039062, -492.431641, -742.919922
-72.509766, -556.884766, -1131.591797
-93.994141, -646.240234, -956.787109
-,-,-
221.679688, 520.019531, 1952.636719
41.992188, 434.570312, 1999.755859
66.894531, 251.464844, 1874.511719
-10.986328, 114.746094, 1113.769531
105.957031, -375.244141, -437.255859
-31.494141, -488.037109, -1021.728516
-119.384766, -500.732422, -1195.556641
-,-,-
61.523438, 396.972656, 1916.015625
90.332031, 531.250000, 1914.062500
37.109375, 127.929688, 1469.726562
-13.427734, -231.201172, 545.898438
88.378906, -471.923828, -392.333984
-39.794922, -627.197266, -791.748047
-49.560547, -585.205078, -1057.373047
9.277344, -752.685547, -739.013672
-,-,-
62.011719, 472.167969, 1803.710938
188.964844, 600.585938, 1954.101562
-58.349609, 264.160156, 1868.164062
-8.544922, 1.464844, 1200.195312
65.917969, -191.162109, 421.386719
38.085938, -549.560547, -684.814453
0.488281, -626.220703, -934.326172
-63.720703, -609.619141, -1031.982422
-,-,-
138.183594, 262.695312, 1878.906250
91.308594, 116.699219, 1644.531250
-56.884766, -170.166016, 1169.921875
19.531250, -510.986328, -186.279297
-16.357422, -601.318359, -662.841797
-93.994141, -707.275391, -984.130859
-,-,-
114.746094, 367.187500, 1689.453125
103.515625, 119.140625, 1860.351562
-54.443359, 142.578125, 1334.472656
65.917969, -373.779297, -239.990234
-43.701172, -565.185547, -873.779297
-76.416016, -484.130859, -1143.310547
-65.673828, -661.865234, -951.904297
-,-,-
64.453125, 206.054688, 1980.468750
-7.080078, -41.748047, 1796.875000
-10.986328, -88.134766, 1019.042969
83.984375, -571.044922, -161.865234
62.500000, -512.451172, -538.818359
-145.751953, -486.083984, -1168.701172
-71.533203, -579.833984, -1142.333984
-,-,-
72.265625, 257.812500, 1733.398438
128.417969, -15.869141, 1668.945312
98.632812, -203.369141, 1448.730469
-64.208984, -347.412109, 502.441406
-39.306641, -641.845703, -250.732422
11.230469, -676.025391, -855.712891
-,-,-
116.699219, 296.875000, 1890.625000
3.417969, 90.820312, 1924.804688
-7.080078, -108.154297, 882.812500
-11.962891, -512.451172, -381.103516
-81.787109, -369.873047, -1203.857422
-97.412109, -262.451172, -1224.365234
-67.138672, -474.365234, -1032.958984
-,-,-
-18.798828, 544.921875, 1999.755859
56.152344, 180.175781, 1999.755859
40.527344, 425.781250, 1437.988281
68.359375, -180.419922, -514.892578
-197.021484, -412.841797, -1061.767578
-71.044922, -218.994141, -1352.294922
-157.470703, -449.462891, -1088.623047
-,-,-
44.433594, 304.199219, 1999.755859
-190.185547, 160.156250, 1999.755859
39.550781, 104.492188, 1563.476562
-110.107422, -317.138672, 232.421875
12.207031, -469.970703, -942.626953
-24.169922, -347.412109, -1400.146484
-,-,-
179.199219, 467.773438, 1670.898438
160.644531, 437.500000, 1999.755859
8.789062, 252.441406, 1678.710938
-34.912109, -130.615234, 945.312500
52.246094, -297.607422, 107.421875
20.019531, -440.185547, -638.916016
-93.505859, -406.494141, -998.779297
-,-,-
60.058594, 565.429688, 1999.755859
-42.724609, 335.449219, 1999.755859
-91.064453, 66.894531, 1702.636719
88.378906, -3.662109, 746.093750
98.632812, -422.119141, -167.236328
-158.447266, -238.525391, -1365.478516
-,-,-
-38.330078, 542.480469, 1999.755859
-64.208984, 444.824219, 1999.755859
-98.388672, 196.777344, 410.644531
-5.126953, -225.341797, -816.650391
-158.935547, -368.408203, -1441.162109
-133.056641, -300.537109, -1320.556641
-,-,-
52.246094, 282.226562, 940.429688
30.761719, 315.429688, 1007.812500
155.761719, 548.828125, 1302.734375
129.882812, 921.875000, 1774.414062
252.929688, 1069.335938, 1982.421875
116.699219, 677.246094, 1708.007812
-25.146484, 521.972656, 451.660156
-187.255859, -61.279297, -745.849609
-,-,-
25.878906, 284.667969, 1999.755859
87.402344, 680.664062, 1999.755859
-51.025391, 377.441406, 1999.755859
-197.021484, 152.832031, -236.083984
-29.052734, 23.437500, -641.845703
-,-,-
28.808594, 736.816406, 1910.156250
20.996094, 561.523438, 1999.755859
-0.244141, 359.375000, 1794.433594
-161.865234, 104.492188, 605.468750
-23.681641, -289.794922, -458.740234
72.265625, -443.603516, -1113.525391
-55.908203, -464.599609, -1310.302734
-,-,-
85.937500, 365.234375, 1978.515625
32.714844, 364.257812, 1428.710938
-6.103516, -96.435547, -718.017578
-45.166016, -236.572266, -1209.716797
-,-,-
15.625000, 794.433594, 1889.648438
-138.916016, 545.410156, 1999.755859
-140.869141, 443.359375, 1328.613281
-27.099609, -134.033203, -31.005859
0.976562, -290.771484, -624.755859
-,-,-
132.324219, 939.453125, 1999.755859
-57.373047, 342.773438, 1999.755859
258.789062, 180.664062, 1737.792969
7.812500, 31.738281, -928.466797
-167.724609, 270.996094, -1402.099609
